0.000000000000000000e+00 0.000000000000000000e+00 0.000000000000000000e+00
0.000000000000000000e+00 0.000000000000000000e+00 0.000000000000000000e+00
0.000000000000000000e+00 0.000000000000000000e+00 0.000000000000000000e+00
0.000000000000000000e+00 0.000000000000000000e+00 0.000000000000000000e+00
0.000000000000000000e+00 0.000000000000000000e+00 0.000000000000000000e+00
0.000000000000000000e+00 0.000000000000000000e+00 0.000000000000000000e+00
0.000000000000000000e+00 0.000000000000000000e+00 0.000000000000000000e+00
0.000000000000000000e+00 0.000000000000000000e+00 0.000000000000000000e+00
0.000000000000000000e+00 0.000000000000000000e+00 0.000000000000000000e+00
0.000000000000000000e+00 0.000000000000000000e+00 0.000000000000000000e+00
0.000000000000000000e+00 0.000000000000000000e+00 0.000000000000000000e+00
0.000000000000000000e+00 0.000000000000000000e+00 0.000000000000000000e+00
0.000000000000000000e+00 0.000000000000000000e+00 0.000000000000000000e+00
0.000000000000000000e+00 0.000000000000000000e+00 0.000000000000000000e+00
0.000000000000000000e+00 0.000000000000000000e+00 0.000000000000000000e+00
0.000000000000000000e+00 0.000000000000000000e+00 0.000000000000000000e+00
0.000000000000000000e+00 0.000000000000000000e+00 0.000000000000000000e+00
0.000000000000000000e+00 0.000000000000000000e+00 0.000000000000000000e+00
0.000000000000000000e+00 0.000000000000000000e+00 0.000000000000000000e+00
0.000000000000000000e+00 0.000000000000000000e+00 0.000000000000000000e+00
0.000000000000000000e+00 0.000000000000000000e+00 0.000000000000000000e+00
0.000000000000000000e+00 0.000000000000000000e+00 0.000000000000000000e+00
0.000000000000000000e+00 0.000000000000000000e+00 0.000000000000000000e+00
0.000000000000000000e+00 0.000000000000000000e+00 0.000000000000000000e+00
0.000000000000000000e+00 0.000000000000000000e+00 0.000000000000000000e+00
0.000000000000000000e+00 0.000000000000000000e+00 0.000000000000000000e+00
0.000000000000000000e+00 0.000000000000000000e+00 0.000000000000000000e+00
0.000000000000000000e+00 0.000000000000000000e+00 0.000000000000000000e+00
0.000000000000000000e+00 0.000000000000000000e+00 0.000000000000000000e+00
0.000000000000000000e+00 0.000000000000000000e+00 0.000000000000000000e+00
0.000000000000000000e+00 0.000000000000000000e+00 0.000000000000000000e+00
0.000000000000000000e+00 0.000000000000000000e+00 0.000000000000000000e+00
0.000000000000000000e+00 0.000000000000000000e+00 0.000000000000000000e+00
0.000000000000000000e+00 0.000000000000000000e+00 0.000000000000000000e+00
0.000000000000000000e+00 0.000000000000000000e+00 0.000000000000000000e+00
0.000000000000000000e+00 0.000000000000000000e+00 0.000000000000000000e+00
0.000000000000000000e+00 0.000000000000000000e+00 0.000000000000000000e+00
0.000000000000000000e+00 0.000000000000000000e+00 0.000000000000000000e+00
0.000000000000000000e+00 0.000000000000000000e+00 0.000000000000000000e+00
0.000000000000000000e+00 0.000000000000000000e+00 0.000000000000000000e+00
0.000000000000000000e+00 0.000000000000000000e+00 0.000000000000000000e+00
0.000000000000000000e+00 0.000000000000000000e+00 0.000000000000000000e+00
0.000000000000000000e+00 0.000000000000000000e+00 0.000000000000000000e+00
0.000000000000000000e+00 0.000000000000000000e+00 0.000000000000000000e+00
0.000000000000000000e+00 0.000000000000000000e+00 0.000000000000000000e+00
0.000000000000000000e+00 0.000000000000000000e+00 0.000000000000000000e+00
0.000000000000000000e+00 0.000000000000000000e+00 0.000000000000000000e+00
0.000000000000000000e+00 0.000000000000000000e+00 0.000000000000000000e+00
0.000000000000000000e+00 0.000000000000000000e+00 0.000000000000000000e+00
0.000000000000000000e+00 0.000000000000000000e+00 0.000000000000000000e+00
0.000000000000000000e+00 0.000000000000000000e+00 0.000000000000000000e+00
0.000000000000000000e+00 0.000000000000000000e+00 0.000000000000000000e+00
0.000000000000000000e+00 0.000000000000000000e+00 0.000000000000000000e+00
0.000000000000000000e+00 0.000000000000000000e+00 0.000000000000000000e+00
0.000000000000000000e+00 0.000000000000000000e+00 0.000000000000000000e+00
0.000000000000000000e+00 0.000000000000000000e+00 0.000000000000000000e+00
0.000000000000000000e+00 0.000000000000000000e+00 0.000000000000000000e+00
0.000000000000000000e+00 0.000000000000000000e+00 0.000000000000000000e+00
0.000000000000000000e+00 0.000000000000000000e+00 0.000000000000000000e+00
0.000000000000000000e+00 0.000000000000000000e+00 0.000000000000000000e+00
0.000000000000000000e+00 0.000000000000000000e+00 0.000000000000000000e+00
0.000000000000000000e+00 0.000000000000000000e+00 0.000000000000000000e+00
0.000000000000000000e+00 0.000000000000000000e+00 0.000000000000000000e+00
0.000000000000000000e+00 0.000000000000000000e+00 0.000000000000000000e+00
0.000000000000000000e+00 0.000000000000000000e+00 0.000000000000000000e+00
0.000000000000000000e+00 0.000000000000000000e+00 0.000000000000000000e+00
0.000000000000000000e+00 0.000000000000000000e+00 0.000000000000000000e+00
0.000000000000000000e+00 0.000000000000000000e+00 0.000000000000000000e+00
0.000000000000000000e+00 0.000000000000000000e+00 0.000000000000000000e+00
0.000000000000000000e+00 0.000000000000000000e+00 0.000000000000000000e+00
0.000000000000000000e+00 0.000000000000000000e+00 0.000000000000000000e+00
0.000000000000000000e+00 0.000000000000000000e+00 0.000000000000000000e+00
0.000000000000000000e+00 0.000000000000000000e+00 0.000000000000000000e+00
0.000000000000000000e+00 0.000000000000000000e+00 0.000000000000000000e+00
0.000000000000000000e+00 0.000000000000000000e+00 0.000000000000000000e+00
0.000000000000000000e+00 0.000000000000000000e+00 0.000000000000000000e+00
0.000000000000000000e+00 0.000000000000000000e+00 0.000000000000000000e+00
0.000000000000000000e+00 0.000000000000000000e+00 0.000000000000000000e+00
0.000000000000000000e+00 0.000000000000000000e+00 0.000000000000000000e+00
0.000000000000000000e+00 0.000000000000000000e+00 0.000000000000000000e+00
0.000000000000000000e+00 0.000000000000000000e+00 0.000000000000000000e+00
0.000000000000000000e+00 0.000000000000000000e+00 0.000000000000000000e+00
0.000000000000000000e+00 0.000000000000000000e+00 0.000000000000000000e+00
0.000000000000000000e+00 0.000000000000000000e+00 0.000000000000000000e+00
0.000000000000000000e+00 0.000000000000000000e+00 0.000000000000000000e+00
0.000000000000000000e+00 0.000000000000000000e+00 0.000000000000000000e+00
0.000000000000000000e+00 0.000000000000000000e+00 0.000000000000000000e+00
0.000000000000000000e+00 0.000000000000000000e+00 0.000000000000000000e+00
0.000000000000000000e+00 0.000000000000000000e+00 0.000000000000000000e+00
0.000000000000000000e+00 0.000000000000000000e+00 0.000000000000000000e+00
0.000000000000000000e+00 0.000000000000000000e+00 0.000000000000000000e+00
0.000000000000000000e+00 0.000000000000000000e+00 0.000000000000000000e+00
0.000000000000000000e+00 0.000000000000000000e+00 0.000000000000000000e+00
0.000000000000000000e+00 0.000000000000000000e+00 0.000000000000000000e+00
0.000000000000000000e+00 0.000000000000000000e+00 0.000000000000000000e+00
0.000000000000000000e+00 0.000000000000000000e+00 0.000000000000000000e+00
0.000000000000000000e+00 0.000000000000000000e+00 0.000000000000000000e+00
0.000000000000000000e+00 0.000000000000000000e+00 0.000000000000000000e+00
0.000000000000000000e+00 0.000000000000000000e+00 0.000000000000000000e+00
0.000000000000000000e+00 0.000000000000000000e+00 0.000000000000000000e+00
0.000000000000000000e+00 0.000000000000000000e+00 0.000000000000000000e+00
0.000000000000000000e+00 0.000000000000000000e+00 0.000000000000000000e+00
0.000000000000000000e+00 0.000000000000000000e+00 0.000000000000000000e+00
0.000000000000000000e+00 0.000000000000000000e+00 0.000000000000000000e+00
0.000000000000000000e+00 0.000000000000000000e+00 0.000000000000000000e+00
0.000000000000000000e+00 0.000000000000000000e+00 0.000000000000000000e+00
0.000000000000000000e+00 0.000000000000000000e+00 0.000000000000000000e+00
0.000000000000000000e+00 0.000000000000000000e+00 0.000000000000000000e+00
0.000000000000000000e+00 0.000000000000000000e+00 0.000000000000000000e+00
0.000000000000000000e+00 0.000000000000000000e+00 0.000000000000000000e+00
0.000000000000000000e+00 0.000000000000000000e+00 0.000000000000000000e+00
0.000000000000000000e+00 0.000000000000000000e+00 0.000000000000000000e+00
0.000000000000000000e+00 0.000000000000000000e+00 0.000000000000000000e+00
0.000000000000000000e+00 0.000000000000000000e+00 0.000000000000000000e+00
0.000000000000000000e+00 0.000000000000000000e+00 0.000000000000000000e+00
0.000000000000000000e+00 0.000000000000000000e+00 0.000000000000000000e+00
0.000000000000000000e+00 0.000000000000000000e+00 0.000000000000000000e+00
0.000000000000000000e+00 0.000000000000000000e+00 0.000000000000000000e+00
0.000000000000000000e+00 0.000000000000000000e+00 0.000000000000000000e+00
0.000000000000000000e+00 0.000000000000000000e+00 0.000000000000000000e+00
0.000000000000000000e+00 0.000000000000000000e+00 0.000000000000000000e+00
0.000000000000000000e+00 0.000000000000000000e+00 0.000000000000000000e+00
0.000000000000000000e+00 0.000000000000000000e+00 0.000000000000000000e+00
0.000000000000000000e+00 0.000000000000000000e+00 0.000000000000000000e+00
0.000000000000000000e+00 0.000000000000000000e+00 0.000000000000000000e+00
0.000000000000000000e+00 0.000000000000000000e+00 0.000000000000000000e+00
0.000000000000000000e+00 0.000000000000000000e+00 0.000000000000000000e+00
0.000000000000000000e+00 0.000000000000000000e+00 0.000000000000000000e+00
0.000000000000000000e+00 0.000000000000000000e+00 0.000000000000000000e+00
0.000000000000000000e+00 0.000000000000000000e+00 0.000000000000000000e+00
0.000000000000000000e+00 0.000000000000000000e+00 0.000000000000000000e+00
0.000000000000000000e+00 0.000000000000000000e+00 0.000000000000000000e+00
0.000000000000000000e+00 0.000000000000000000e+00 0.000000000000000000e+00
0.000000000000000000e+00 0.000000000000000000e+00 0.000000000000000000e+00
0.000000000000000000e+00 0.000000000000000000e+00 0.000000000000000000e+00
0.000000000000000000e+00 0.000000000000000000e+00 0.000000000000000000e+00
0.000000000000000000e+00 0.000000000000000000e+00 0.000000000000000000e+00
0.000000000000000000e+00 0.000000000000000000e+00 0.000000000000000000e+00
0.000000000000000000e+00 0.000000000000000000e+00 0.000000000000000000e+00
0.000000000000000000e+00 0.000000000000000000e+00 0.000000000000000000e+00
0.000000000000000000e+00 0.000000000000000000e+00 0.000000000000000000e+00
0.000000000000000000e+00 0.000000000000000000e+00 0.000000000000000000e+00
0.000000000000000000e+00 0.000000000000000000e+00 0.000000000000000000e+00
0.000000000000000000e+00 0.000000000000000000e+00 0.000000000000000000e+00
0.000000000000000000e+00 0.000000000000000000e+00 0.000000000000000000e+00
0.000000000000000000e+00 0.000000000000000000e+00 0.000000000000000000e+00
0.000000000000000000e+00 0.000000000000000000e+00 0.000000000000000000e+00
0.000000000000000000e+00 0.000000000000000000e+00 0.000000000000000000e+00
0.000000000000000000e+00 0.000000000000000000e+00 0.000000000000000000e+00
0.000000000000000000e+00 0.000000000000000000e+00 0.000000000000000000e+00
0.000000000000000000e+00 0.000000000000000000e+00 0.000000000000000000e+00
0.000000000000000000e+00 0.000000000000000000e+00 0.000000000000000000e+00
0.000000000000000000e+00 0.000000000000000000e+00 0.000000000000000000e+00
0.000000000000000000e+00 0.000000000000000000e+00 0.000000000000000000e+00
0.000000000000000000e+00 0.000000000000000000e+00 0.000000000000000000e+00
0.000000000000000000e+00 0.000000000000000000e+00 0.000000000000000000e+00
0.000000000000000000e+00 0.000000000000000000e+00 0.000000000000000000e+00
0.000000000000000000e+00 0.000000000000000000e+00 0.000000000000000000e+00
0.000000000000000000e+00 0.000000000000000000e+00 0.000000000000000000e+00
0.000000000000000000e+00 0.000000000000000000e+00 0.000000000000000000e+00
0.000000000000000000e+00 0.000000000000000000e+00 0.000000000000000000e+00
0.000000000000000000e+00 0.000000000000000000e+00 0.000000000000000000e+00
0.000000000000000000e+00 0.000000000000000000e+00 0.000000000000000000e+00
0.000000000000000000e+00 0.000000000000000000e+00 0.000000000000000000e+00
0.000000000000000000e+00 0.000000000000000000e+00 0.000000000000000000e+00
0.000000000000000000e+00 0.000000000000000000e+00 0.000000000000000000e+00
0.000000000000000000e+00 0.000000000000000000e+00 0.000000000000000000e+00
0.000000000000000000e+00 0.000000000000000000e+00 0.000000000000000000e+00
0.000000000000000000e+00 0.000000000000000000e+00 0.000000000000000000e+00
0.000000000000000000e+00 0.000000000000000000e+00 0.000000000000000000e+00
0.000000000000000000e+00 0.000000000000000000e+00 0.000000000000000000e+00
0.000000000000000000e+00 0.000000000000000000e+00 0.000000000000000000e+00
0.000000000000000000e+00 0.000000000000000000e+00 0.000000000000000000e+00
0.000000000000000000e+00 0.000000000000000000e+00 0.000000000000000000e+00
0.000000000000000000e+00 0.000000000000000000e+00 0.000000000000000000e+00
0.000000000000000000e+00 0.000000000000000000e+00 0.000000000000000000e+00
0.000000000000000000e+00 0.000000000000000000e+00 0.000000000000000000e+00
0.000000000000000000e+00 0.000000000000000000e+00 0.000000000000000000e+00
0.000000000000000000e+00 0.000000000000000000e+00 0.000000000000000000e+00
0.000000000000000000e+00 0.000000000000000000e+00 0.000000000000000000e+00
0.000000000000000000e+00 0.000000000000000000e+00 0.000000000000000000e+00
0.000000000000000000e+00 0.000000000000000000e+00 0.000000000000000000e+00
0.000000000000000000e+00 0.000000000000000000e+00 0.000000000000000000e+00
0.000000000000000000e+00 0.000000000000000000e+00 0.000000000000000000e+00
0.000000000000000000e+00 0.000000000000000000e+00 0.000000000000000000e+00
0.000000000000000000e+00 0.000000000000000000e+00 0.000000000000000000e+00
0.000000000000000000e+00 0.000000000000000000e+00 0.000000000000000000e+00
0.000000000000000000e+00 0.000000000000000000e+00 0.000000000000000000e+00
0.000000000000000000e+00 0.000000000000000000e+00 0.000000000000000000e+00
0.000000000000000000e+00 0.000000000000000000e+00 0.000000000000000000e+00
0.000000000000000000e+00 0.000000000000000000e+00 0.000000000000000000e+00
0.000000000000000000e+00 0.000000000000000000e+00 0.000000000000000000e+00
0.000000000000000000e+00 0.000000000000000000e+00 0.000000000000000000e+00
0.000000000000000000e+00 0.000000000000000000e+00 0.000000000000000000e+00
0.000000000000000000e+00 0.000000000000000000e+00 0.000000000000000000e+00
0.000000000000000000e+00 0.000000000000000000e+00 0.000000000000000000e+00
0.000000000000000000e+00 0.000000000000000000e+00 0.000000000000000000e+00
0.000000000000000000e+00 0.000000000000000000e+00 0.000000000000000000e+00
0.000000000000000000e+00 0.000000000000000000e+00 0.000000000000000000e+00
0.000000000000000000e+00 0.000000000000000000e+00 0.000000000000000000e+00
0.000000000000000000e+00 0.000000000000000000e+00 0.000000000000000000e+00
0.000000000000000000e+00 0.000000000000000000e+00 0.000000000000000000e+00
0.000000000000000000e+00 0.000000000000000000e+00 0.000000000000000000e+00
0.000000000000000000e+00 0.000000000000000000e+00 0.000000000000000000e+00
0.000000000000000000e+00 0.000000000000000000e+00 0.000000000000000000e+00
0.000000000000000000e+00 0.000000000000000000e+00 0.000000000000000000e+00
0.000000000000000000e+00 0.000000000000000000e+00 0.000000000000000000e+00
0.000000000000000000e+00 0.000000000000000000e+00 0.000000000000000000e+00
0.000000000000000000e+00 0.000000000000000000e+00 0.000000000000000000e+00
0.000000000000000000e+00 0.000000000000000000e+00 0.000000000000000000e+00
0.000000000000000000e+00 0.000000000000000000e+00 0.000000000000000000e+00
0.000000000000000000e+00 0.000000000000000000e+00 0.000000000000000000e+00
0.000000000000000000e+00 0.000000000000000000e+00 0.000000000000000000e+00
0.000000000000000000e+00 0.000000000000000000e+00 0.000000000000000000e+00
0.000000000000000000e+00 0.000000000000000000e+00 0.000000000000000000e+00
0.000000000000000000e+00 0.000000000000000000e+00 0.000000000000000000e+00
0.000000000000000000e+00 0.000000000000000000e+00 0.000000000000000000e+00
0.000000000000000000e+00 0.000000000000000000e+00 0.000000000000000000e+00
0.000000000000000000e+00 0.000000000000000000e+00 0.000000000000000000e+00
0.000000000000000000e+00 0.000000000000000000e+00 0.000000000000000000e+00
0.000000000000000000e+00 0.000000000000000000e+00 0.000000000000000000e+00
0.000000000000000000e+00 0.000000000000000000e+00 0.000000000000000000e+00
0.000000000000000000e+00 0.000000000000000000e+00 0.000000000000000000e+00
0.000000000000000000e+00 0.000000000000000000e+00 0.000000000000000000e+00
0.000000000000000000e+00 0.000000000000000000e+00 0.000000000000000000e+00
0.000000000000000000e+00 0.000000000000000000e+00 0.000000000000000000e+00
0.000000000000000000e+00 0.000000000000000000e+00 0.000000000000000000e+00
0.000000000000000000e+00 0.000000000000000000e+00 0.000000000000000000e+00
0.000000000000000000e+00 0.000000000000000000e+00 0.000000000000000000e+00
0.000000000000000000e+00 0.000000000000000000e+00 0.000000000000000000e+00
0.000000000000000000e+00 0.000000000000000000e+00 0.000000000000000000e+00
0.000000000000000000e+00 0.000000000000000000e+00 0.000000000000000000e+00
0.000000000000000000e+00 0.000000000000000000e+00 0.000000000000000000e+00
0.000000000000000000e+00 0.000000000000000000e+00 0.000000000000000000e+00
0.000000000000000000e+00 0.000000000000000000e+00 0.000000000000000000e+00
0.000000000000000000e+00 0.000000000000000000e+00 0.000000000000000000e+00
0.000000000000000000e+00 0.000000000000000000e+00 0.000000000000000000e+00
0.000000000000000000e+00 0.000000000000000000e+00 0.000000000000000000e+00
0.000000000000000000e+00 0.000000000000000000e+00 0.000000000000000000e+00
0.000000000000000000e+00 0.000000000000000000e+00 0.000000000000000000e+00
0.000000000000000000e+00 0.000000000000000000e+00 0.000000000000000000e+00
0.000000000000000000e+00 0.000000000000000000e+00 0.000000000000000000e+00
0.000000000000000000e+00 0.000000000000000000e+00 0.000000000000000000e+00
0.000000000000000000e+00 0.000000000000000000e+00 0.000000000000000000e+00
0.000000000000000000e+00 0.000000000000000000e+00 0.000000000000000000e+00
0.000000000000000000e+00 0.000000000000000000e+00 0.000000000000000000e+00
0.000000000000000000e+00 0.000000000000000000e+00 0.000000000000000000e+00
0.000000000000000000e+00 0.000000000000000000e+00 0.000000000000000000e+00
0.000000000000000000e+00 0.000000000000000000e+00 0.000000000000000000e+00
0.000000000000000000e+00 0.000000000000000000e+00 0.000000000000000000e+00
0.000000000000000000e+00 0.000000000000000000e+00 0.000000000000000000e+00
0.000000000000000000e+00 0.000000000000000000e+00 0.000000000000000000e+00
0.000000000000000000e+00 0.000000000000000000e+00 0.000000000000000000e+00
0.000000000000000000e+00 0.000000000000000000e+00 0.000000000000000000e+00
0.000000000000000000e+00 0.000000000000000000e+00 0.000000000000000000e+00
0.000000000000000000e+00 0.000000000000000000e+00 0.000000000000000000e+00
0.000000000000000000e+00 0.000000000000000000e+00 0.000000000000000000e+00
0.000000000000000000e+00 0.000000000000000000e+00 0.000000000000000000e+00
0.000000000000000000e+00 0.000000000000000000e+00 0.000000000000000000e+00
0.000000000000000000e+00 0.000000000000000000e+00 0.000000000000000000e+00
0.000000000000000000e+00 0.000000000000000000e+00 0.000000000000000000e+00
0.000000000000000000e+00 0.000000000000000000e+00 0.000000000000000000e+00
0.000000000000000000e+00 0.000000000000000000e+00 0.000000000000000000e+00
0.000000000000000000e+00 0.000000000000000000e+00 0.000000000000000000e+00
0.000000000000000000e+00 0.000000000000000000e+00 0.000000000000000000e+00
0.000000000000000000e+00 0.000000000000000000e+00 0.000000000000000000e+00
0.000000000000000000e+00 0.000000000000000000e+00 0.000000000000000000e+00
0.000000000000000000e+00 0.000000000000000000e+00 0.000000000000000000e+00
0.000000000000000000e+00 0.000000000000000000e+00 0.000000000000000000e+00
0.000000000000000000e+00 0.000000000000000000e+00 0.000000000000000000e+00
0.000000000000000000e+00 0.000000000000000000e+00 0.000000000000000000e+00
0.000000000000000000e+00 0.000000000000000000e+00 0.000000000000000000e+00
0.000000000000000000e+00 0.000000000000000000e+00 0.000000000000000000e+00
0.000000000000000000e+00 0.000000000000000000e+00 0.000000000000000000e+00
0.000000000000000000e+00 0.000000000000000000e+00 0.000000000000000000e+00
0.000000000000000000e+00 0.000000000000000000e+00 0.000000000000000000e+00
0.000000000000000000e+00 0.000000000000000000e+00 0.000000000000000000e+00
0.000000000000000000e+00 0.000000000000000000e+00 0.000000000000000000e+00
0.000000000000000000e+00 0.000000000000000000e+00 0.000000000000000000e+00
0.000000000000000000e+00 0.000000000000000000e+00 0.000000000000000000e+00
0.000000000000000000e+00 0.000000000000000000e+00 0.000000000000000000e+00
0.000000000000000000e+00 0.000000000000000000e+00 0.000000000000000000e+00
0.000000000000000000e+00 0.000000000000000000e+00 0.000000000000000000e+00
0.000000000000000000e+00 0.000000000000000000e+00 0.000000000000000000e+00
0.000000000000000000e+00 0.000000000000000000e+00 0.000000000000000000e+00
0.000000000000000000e+00 0.000000000000000000e+00 0.000000000000000000e+00
0.000000000000000000e+00 0.000000000000000000e+00 0.000000000000000000e+00
0.000000000000000000e+00 0.000000000000000000e+00 0.000000000000000000e+00
0.000000000000000000e+00 0.000000000000000000e+00 0.000000000000000000e+00
0.000000000000000000e+00 0.000000000000000000e+00 0.000000000000000000e+00
0.000000000000000000e+00 0.000000000000000000e+00 0.000000000000000000e+00
0.000000000000000000e+00 0.000000000000000000e+00 0.000000000000000000e+00
0.000000000000000000e+00 0.000000000000000000e+00 0.000000000000000000e+00
0.000000000000000000e+00 0.000000000000000000e+00 0.000000000000000000e+00
0.000000000000000000e+00 0.000000000000000000e+00 0.000000000000000000e+00
0.000000000000000000e+00 0.000000000000000000e+00 0.000000000000000000e+00
0.000000000000000000e+00 0.000000000000000000e+00 0.000000000000000000e+00
0.000000000000000000e+00 0.000000000000000000e+00 0.000000000000000000e+00
0.000000000000000000e+00 0.000000000000000000e+00 0.000000000000000000e+00
0.000000000000000000e+00 0.000000000000000000e+00 0.000000000000000000e+00
0.000000000000000000e+00 0.000000000000000000e+00 0.000000000000000000e+00
0.000000000000000000e+00 0.000000000000000000e+00 0.000000000000000000e+00
0.000000000000000000e+00 0.000000000000000000e+00 0.000000000000000000e+00
0.000000000000000000e+00 0.000000000000000000e+00 0.000000000000000000e+00
0.000000000000000000e+00 0.000000000000000000e+00 0.000000000000000000e+00
0.000000000000000000e+00 0.000000000000000000e+00 0.000000000000000000e+00
0.000000000000000000e+00 0.000000000000000000e+00 0.000000000000000000e+00
0.000000000000000000e+00 0.000000000000000000e+00 0.000000000000000000e+00
0.000000000000000000e+00 0.000000000000000000e+00 0.000000000000000000e+00
0.000000000000000000e+00 0.000000000000000000e+00 0.000000000000000000e+00
0.000000000000000000e+00 0.000000000000000000e+00 0.000000000000000000e+00
0.000000000000000000e+00 0.000000000000000000e+00 0.000000000000000000e+00
0.000000000000000000e+00 0.000000000000000000e+00 0.000000000000000000e+00
0.000000000000000000e+00 0.000000000000000000e+00 0.000000000000000000e+00
0.000000000000000000e+00 0.000000000000000000e+00 0.000000000000000000e+00
0.000000000000000000e+00 0.000000000000000000e+00 0.000000000000000000e+00
0.000000000000000000e+00 0.000000000000000000e+00 0.000000000000000000e+00
0.000000000000000000e+00 0.000000000000000000e+00 0.000000000000000000e+00
0.000000000000000000e+00 0.000000000000000000e+00 0.000000000000000000e+00
0.000000000000000000e+00 0.000000000000000000e+00 0.000000000000000000e+00
0.000000000000000000e+00 0.000000000000000000e+00 0.000000000000000000e+00
0.000000000000000000e+00 0.000000000000000000e+00 0.000000000000000000e+00
0.000000000000000000e+00 0.000000000000000000e+00 0.000000000000000000e+00
0.000000000000000000e+00 0.000000000000000000e+00 0.000000000000000000e+00
0.000000000000000000e+00 0.000000000000000000e+00 0.000000000000000000e+00
0.000000000000000000e+00 0.000000000000000000e+00 0.000000000000000000e+00
0.000000000000000000e+00 0.000000000000000000e+00 0.000000000000000000e+00
0.000000000000000000e+00 0.000000000000000000e+00 0.000000000000000000e+00
0.000000000000000000e+00 0.000000000000000000e+00 0.000000000000000000e+00
0.000000000000000000e+00 0.000000000000000000e+00 0.000000000000000000e+00
0.000000000000000000e+00 0.000000000000000000e+00 0.000000000000000000e+00
0.000000000000000000e+00 0.000000000000000000e+00 0.000000000000000000e+00
0.000000000000000000e+00 0.000000000000000000e+00 0.000000000000000000e+00
0.000000000000000000e+00 0.000000000000000000e+00 0.000000000000000000e+00
0.000000000000000000e+00 0.000000000000000000e+00 0.000000000000000000e+00
0.000000000000000000e+00 0.000000000000000000e+00 0.000000000000000000e+00
0.000000000000000000e+00 0.000000000000000000e+00 0.000000000000000000e+00
0.000000000000000000e+00 0.000000000000000000e+00 0.000000000000000000e+00
0.000000000000000000e+00 0.000000000000000000e+00 0.000000000000000000e+00
0.000000000000000000e+00 0.000000000000000000e+00 0.000000000000000000e+00
0.000000000000000000e+00 0.000000000000000000e+00 0.000000000000000000e+00
0.000000000000000000e+00 0.000000000000000000e+00 0.000000000000000000e+00
0.000000000000000000e+00 0.000000000000000000e+00 0.000000000000000000e+00
0.000000000000000000e+00 0.000000000000000000e+00 0.000000000000000000e+00
0.000000000000000000e+00 0.000000000000000000e+00 0.000000000000000000e+00
0.000000000000000000e+00 0.000000000000000000e+00 0.000000000000000000e+00
0.000000000000000000e+00 0.000000000000000000e+00 0.000000000000000000e+00
0.000000000000000000e+00 0.000000000000000000e+00 0.000000000000000000e+00
0.000000000000000000e+00 0.000000000000000000e+00 0.000000000000000000e+00
0.000000000000000000e+00 0.000000000000000000e+00 0.000000000000000000e+00
0.000000000000000000e+00 0.000000000000000000e+00 0.000000000000000000e+00
0.000000000000000000e+00 0.000000000000000000e+00 0.000000000000000000e+00
0.000000000000000000e+00 0.000000000000000000e+00 0.000000000000000000e+00
0.000000000000000000e+00 0.000000000000000000e+00 0.000000000000000000e+00
0.000000000000000000e+00 0.000000000000000000e+00 0.000000000000000000e+00
0.000000000000000000e+00 0.000000000000000000e+00 0.000000000000000000e+00
0.000000000000000000e+00 0.000000000000000000e+00 0.000000000000000000e+00
0.000000000000000000e+00 0.000000000000000000e+00 0.000000000000000000e+00
0.000000000000000000e+00 0.000000000000000000e+00 0.000000000000000000e+00
0.000000000000000000e+00 0.000000000000000000e+00 0.000000000000000000e+00
0.000000000000000000e+00 0.000000000000000000e+00 0.000000000000000000e+00
0.000000000000000000e+00 0.000000000000000000e+00 0.000000000000000000e+00
0.000000000000000000e+00 0.000000000000000000e+00 0.000000000000000000e+00
0.000000000000000000e+00 0.000000000000000000e+00 0.000000000000000000e+00
0.000000000000000000e+00 0.000000000000000000e+00 0.000000000000000000e+00
0.000000000000000000e+00 0.000000000000000000e+00 0.000000000000000000e+00
0.000000000000000000e+00 0.000000000000000000e+00 0.000000000000000000e+00
0.000000000000000000e+00 0.000000000000000000e+00 0.000000000000000000e+00
0.000000000000000000e+00 0.000000000000000000e+00 0.000000000000000000e+00
0.000000000000000000e+00 0.000000000000000000e+00 0.000000000000000000e+00
0.000000000000000000e+00 0.000000000000000000e+00 0.000000000000000000e+00
0.000000000000000000e+00 0.000000000000000000e+00 0.000000000000000000e+00
0.000000000000000000e+00 0.000000000000000000e+00 0.000000000000000000e+00
0.000000000000000000e+00 0.000000000000000000e+00 0.000000000000000000e+00
0.000000000000000000e+00 0.000000000000000000e+00 0.000000000000000000e+00
0.000000000000000000e+00 0.000000000000000000e+00 0.000000000000000000e+00
0.000000000000000000e+00 0.000000000000000000e+00 0.000000000000000000e+00
0.000000000000000000e+00 0.000000000000000000e+00 0.000000000000000000e+00
0.000000000000000000e+00 0.000000000000000000e+00 0.000000000000000000e+00
0.000000000000000000e+00 0.000000000000000000e+00 0.000000000000000000e+00
0.000000000000000000e+00 0.000000000000000000e+00 0.000000000000000000e+00
0.000000000000000000e+00 0.000000000000000000e+00 0.000000000000000000e+00
0.000000000000000000e+00 0.000000000000000000e+00 0.000000000000000000e+00
0.000000000000000000e+00 0.000000000000000000e+00 0.000000000000000000e+00
0.000000000000000000e+00 0.000000000000000000e+00 0.000000000000000000e+00
0.000000000000000000e+00 0.000000000000000000e+00 0.000000000000000000e+00
0.000000000000000000e+00 0.000000000000000000e+00 0.000000000000000000e+00
0.000000000000000000e+00 0.000000000000000000e+00 0.000000000000000000e+00
0.000000000000000000e+00 0.000000000000000000e+00 0.000000000000000000e+00
0.000000000000000000e+00 0.000000000000000000e+00 0.000000000000000000e+00
6.658499999999997754e-02 3.269000000000001765e-02 1.238900000000000140e-01
6.555787878787876222e-02 3.307111111111112750e-02 1.308214705882353168e-01
6.453075757575756077e-02 3.345222222222223735e-02 1.377529411764706058e-01
6.350363636363634545e-02 3.383333333333335413e-02 1.446844117647058947e-01
6.247651515151513013e-02 3.421444444444446398e-02 1.516158823529411837e-01
6.144939393939392175e-02 3.459555555555557382e-02 1.585473529411765004e-01
6.042227272727271337e-02 3.497666666666668367e-02 1.654788235294117893e-01
5.939515151515149805e-02 3.535777777777779352e-02 1.724102941176470782e-01
5.836803030303028966e-02 3.573888888888890336e-02 1.793417647058823672e-01
5.734090909090908128e-02 3.612000000000002015e-02 1.862732352941176561e-01
5.631378787878786596e-02 3.650111111111112999e-02 1.932047058823529451e-01
5.528666666666665758e-02 3.688222222222223984e-02 2.001361764705882618e-01
5.425954545454544919e-02 3.726333333333334968e-02 2.070676470588235507e-01
5.323242424242423387e-02 3.764444444444445953e-02 2.139991176470588397e-01
5.220530303030302549e-02 3.802555555555556938e-02 2.209305882352941564e-01
5.117818181818181017e-02 3.840666666666668616e-02 2.278620588235294453e-01
5.015106060606060179e-02 3.878777777777779601e-02 2.347935294117647342e-01
4.912393939393939341e-02 3.916888888888890585e-02 2.417250000000000232e-01
4.809681818181817808e-02 3.955000000000001570e-02 2.458954166666666996e-01
4.706969696969696970e-02 4.005973684210527991e-02 2.500658333333333760e-01
4.604257575757575438e-02 4.056947368421054412e-02 2.542362499999999970e-01
4.501545454545454600e-02 4.107921052631580139e-02 2.584066666666666734e-01
4.398833333333333762e-02 4.158894736842106560e-02 2.625770833333333498e-01
4.296121212121212229e-02 4.209868421052632981e-02 2.667475000000000263e-01
4.193409090909091391e-02 4.260842105263159402e-02 2.709179166666667027e-01
4.090696969696970553e-02 4.311815789473685129e-02 2.750883333333333236e-01
3.987984848484849021e-02 4.362789473684211550e-02 2.792587500000000000e-01
3.885272727272728183e-02 4.413763157894737971e-02 2.834291666666666765e-01
3.782560606060607344e-02 4.464736842105264392e-02 2.875995833333333529e-01
3.679848484848485812e-02 4.515710526315790119e-02 2.917699999999999738e-01
3.577136363636364280e-02 4.566684210526316540e-02 2.954017857142857140e-01
3.474424242424244136e-02 4.617657894736842961e-02 2.990335714285713986e-01
3.371712121212122604e-02 4.668631578947369382e-02 3.026653571428571388e-01
3.269000000000001765e-02 4.719605263157895109e-02 3.062971428571428234e-01
3.230192307692309611e-02 4.770578947368421530e-02 3.099289285714285636e-01
3.191384615384616763e-02 4.821552631578947951e-02 3.135607142857142482e-01
3.152576923076924609e-02 4.872526315789474372e-02 3.171924999999999883e-01
3.113769230769232108e-02 4.923500000000000792e-02 3.208242857142856730e-01
3.074961538461539953e-02 5.028425000000000950e-02 3.244560714285714131e-01
3.036153846153847452e-02 5.133350000000001107e-02 3.280878571428570978e-01
2.997346153846154951e-02 5.238275000000001264e-02 3.317196428571428379e-01
2.958538461538462797e-02 5.343200000000001421e-02 3.353514285714285226e-01
2.919730769230770295e-02 5.448125000000001578e-02 3.389832142857142627e-01
2.880923076923077794e-02 5.553050000000001735e-02 3.426150000000000029e-01
2.842115384615385293e-02 5.657975000000001892e-02 3.470037499999999997e-01
2.803307692307693139e-02 5.762900000000002049e-02 3.513924999999999965e-01
2.764500000000000637e-02 5.867825000000002206e-02 3.557812500000000488e-01
2.725692307692308136e-02 5.972750000000002363e-02 3.601700000000000457e-01
2.686884615384615982e-02 6.077675000000002520e-02 3.645587500000000425e-01
2.648076923076923481e-02 6.182600000000002677e-02 3.689475000000000393e-01
2.609269230769230979e-02 6.287525000000002140e-02 3.733362500000000361e-01
2.570461538461538825e-02 6.392450000000002297e-02 3.777250000000000330e-01
2.531653846153846324e-02 6.497375000000002454e-02 3.799728571428571677e-01
2.492846153846153823e-02 6.602300000000002611e-02 3.822207142857143025e-01
2.454038461538461668e-02 6.707225000000002768e-02 3.844685714285714373e-01
2.415230769230769167e-02 6.812150000000002925e-02 3.867164285714285721e-01
2.376423076923076666e-02 6.917075000000003082e-02 3.889642857142857069e-01
2.337615384615384512e-02 7.022000000000003239e-02 3.912121428571428416e-01
2.298807692307692011e-02 7.239900000000001890e-02 3.934599999999999764e-01
2.259999999999999856e-02 7.457800000000001928e-02 3.936335714285714160e-01
2.257749999999999688e-02 7.675700000000000578e-02 3.938071428571428556e-01
2.255499999999999519e-02 7.893600000000000616e-02 3.939807142857142397e-01
2.253249999999999351e-02 8.111499999999999266e-02 3.941542857142856793e-01
2.250999999999999182e-02 8.329399999999999304e-02 3.943278571428571189e-01
2.248749999999999014e-02 8.547299999999997955e-02 3.945014285714285585e-01
2.246499999999998845e-02 8.765199999999997993e-02 3.946749999999999980e-01
2.244249999999998677e-02 8.983099999999996643e-02 3.925104545454545235e-01
2.241999999999998508e-02 9.200999999999996681e-02 3.903459090909091045e-01
2.239749999999998339e-02 9.494999999999996498e-02 3.881813636363636300e-01
2.237499999999998171e-02 9.788999999999996315e-02 3.860168181818182109e-01
2.235249999999998002e-02 1.008299999999999613e-01 3.838522727272727364e-01
2.232999999999997487e-02 1.037699999999999734e-01 3.816877272727273174e-01
2.230749999999997318e-02 1.067099999999999715e-01 3.795231818181818428e-01
2.228499999999997150e-02 1.096499999999999697e-01 3.773586363636364238e-01
2.226249999999996981e-02 1.125899999999999679e-01 3.751940909090909493e-01
2.223999999999996813e-02 1.155299999999999661e-01 3.730295454545455303e-01
2.221749999999996644e-02 1.184699999999999642e-01 3.708650000000000557e-01
2.219499999999996476e-02 1.214099999999999624e-01 3.673795454545454864e-01
2.237999999999996589e-02 1.243499999999999606e-01 3.638940909090909726e-01
2.256499999999996703e-02 1.272899999999999587e-01 3.604086363636364032e-01
2.274999999999997163e-02 1.302299999999999569e-01 3.569231818181818894e-01
2.293499999999997277e-02 1.331699999999999551e-01 3.534377272727273200e-01
2.311999999999997391e-02 1.363988888888888473e-01 3.499522727272728062e-01
2.330499999999997504e-02 1.396277777777777396e-01 3.464668181818182369e-01
2.348999999999997618e-02 1.428566666666666318e-01 3.429813636363636675e-01
2.367499999999998078e-02 1.460855555555555241e-01 3.394959090909091537e-01
2.385999999999998192e-02 1.493144444444444163e-01 3.360104545454545844e-01
2.404499999999998305e-02 1.525433333333333086e-01 3.325250000000000705e-01
2.422999999999998419e-02 1.557722222222222008e-01 3.273800000000000598e-01
2.441499999999998533e-02 1.590011111111110931e-01 3.222350000000000492e-01
2.459999999999998993e-02 1.622300000000000131e-01 3.170900000000000385e-01
2.478499999999999107e-02 1.642475000000000185e-01 3.119450000000000278e-01
2.496999999999999220e-02 1.662649999999999961e-01 3.068000000000000171e-01
2.515499999999999334e-02 1.682825000000000015e-01 3.016550000000000065e-01
2.533999999999999447e-02 1.703000000000000069e-01 2.965099999999999958e-01
2.552499999999999908e-02 1.723175000000000123e-01 2.913649999999999851e-01
2.571000000000000021e-02 1.743349999999999900e-01 2.862200000000000299e-01
2.589500000000000135e-02 1.763524999999999954e-01 2.810750000000000193e-01
2.608000000000000249e-02 1.783700000000000008e-01 2.759300000000000086e-01
2.626500000000000362e-02 1.803875000000000062e-01 2.707849999999999424e-01
2.645000000000000823e-02 1.824049999999999838e-01 2.643279411764705156e-01
2.663500000000000936e-02 1.844224999999999892e-01 2.578708823529411442e-01
2.703866666666667612e-02 1.864399999999999946e-01 2.514138235294117174e-01
2.744233333333334288e-02 1.900721428571428562e-01 2.449567647058822906e-01
2.784600000000000963e-02 1.937042857142857177e-01 2.384997058823528915e-01
2.824966666666667986e-02 1.973364285714285515e-01 2.320426470588234924e-01
2.865333333333334662e-02 2.009685714285714131e-01 2.255855882352940656e-01
2.905700000000001337e-02 2.046007142857142747e-01 2.191285294117646665e-01
2.946066666666668013e-02 2.082328571428571362e-01 2.126714705882352674e-01
2.986433333333334689e-02 2.118649999999999700e-01 2.062144117647058406e-01
3.026800000000001711e-02 2.154971428571428316e-01 1.997573529411764137e-01
3.067166666666668387e-02 2.191292857142856931e-01 1.933002941176470146e-01
3.107533333333335063e-02 2.227614285714285547e-01 1.868432352941176156e-01
3.147900000000002085e-02 2.263935714285714162e-01 1.803861764705881887e-01
3.188266666666668414e-02 2.300257142857142501e-01 1.739291176470587896e-01
3.228633333333335437e-02 2.336578571428571116e-01 1.674720588235293905e-01
3.269000000000001765e-02 2.372899999999999454e-01 1.610149999999999915e-01
3.357766666666667926e-02 2.405183333333332785e-01 1.554105555555555518e-01
3.446533333333334781e-02 2.437466666666666115e-01 1.498061111111110844e-01
3.535300000000000942e-02 2.469749999999999446e-01 1.442016666666666447e-01
3.624066666666667796e-02 2.502033333333332776e-01 1.385972222222222050e-01
3.712833333333333957e-02 2.534316666666666107e-01 1.329927777777777376e-01
3.801600000000000118e-02 2.566599999999999437e-01 1.273883333333332979e-01
3.890366666666666973e-02 2.598883333333332768e-01 1.217838888888888582e-01
3.979133333333333133e-02 2.631166666666666099e-01 1.161794444444444047e-01
4.067899999999999294e-02 2.663449999999999429e-01 1.105749999999999511e-01
4.156666666666666149e-02 2.695733333333332760e-01 1.074269999999999531e-01
4.245433333333333004e-02 2.728016666666666090e-01 1.042789999999999551e-01
4.334199999999999164e-02 2.760299999999999421e-01 1.011309999999999570e-01
4.422966666666665325e-02 2.792583333333332751e-01 9.798299999999995902e-02
4.511733333333331486e-02 2.824866666666666637e-01 9.483499999999994712e-02
4.600499999999998341e-02 2.857149999999999967e-01 9.168699999999996297e-02
4.640833333333331534e-02 2.873694999999999999e-01 8.853899999999995107e-02
4.681166666666664727e-02 2.890240000000000031e-01 8.539099999999995305e-02
4.721499999999997921e-02 2.906785000000000063e-01 8.224299999999995503e-02
4.761833333333330420e-02 2.923330000000000095e-01 7.909499999999995701e-02
4.802166666666663614e-02 2.939875000000000127e-01 7.760815789473679560e-02
4.842499999999996807e-02 2.956420000000000714e-01 7.612131578947364807e-02
4.882833333333330000e-02 2.972965000000000746e-01 7.463447368421048667e-02
4.923166666666663194e-02 2.989510000000000778e-01 7.314763157894732526e-02
4.963499999999996387e-02 3.006055000000000810e-01 7.166078947368417773e-02
4.898166666666663172e-02 3.022600000000000842e-01 7.017394736842101632e-02
4.832833333333329956e-02 3.027308333333333934e-01 6.868710526315785492e-02
4.767499999999996740e-02 3.032016666666667581e-01 6.720026315789470739e-02
4.702166666666662831e-02 3.036725000000000674e-01 6.571342105263154598e-02
4.636833333333329615e-02 3.041433333333334321e-01 6.422657894736839845e-02
4.571499999999996400e-02 3.046141666666667414e-01 6.273973684210523705e-02
4.506166666666663184e-02 3.050850000000000506e-01 6.125289473684207564e-02
4.440833333333329969e-02 3.024112500000000203e-01 5.976605263157892117e-02
4.375499999999996059e-02 2.997375000000000456e-01 5.827921052631576670e-02
4.310166666666662844e-02 2.970637500000000153e-01 5.679236842105260530e-02
4.244833333333329628e-02 2.943900000000000405e-01 5.530552631578945083e-02
4.179499999999996412e-02 2.917162500000000103e-01 5.381868421052629636e-02
4.114166666666663197e-02 2.890424999999999800e-01 5.233184210526314190e-02
4.048833333333329981e-02 2.863687500000000052e-01 5.084499999999998743e-02
3.983499999999996766e-02 2.836949999999999750e-01 4.947923076923075453e-02
3.918166666666662856e-02 2.790541666666666587e-01 4.811346153846152163e-02
3.852833333333329641e-02 2.744133333333332869e-01 4.674769230769229567e-02
3.787499999999996425e-02 2.697724999999999707e-01 4.538192307692306277e-02
3.722166666666663210e-02 2.651316666666666544e-01 4.401615384615382986e-02
3.656833333333329994e-02 2.604908333333333381e-01 4.265038461538459696e-02
3.591499999999996084e-02 2.558499999999999663e-01 4.128461538461536406e-02
3.545428571428568126e-02 2.512091666666666501e-01 3.991884615384613810e-02
3.499357142857140862e-02 2.465683333333333338e-01 3.855307692307690520e-02
3.453285714285712904e-02 2.419274999999999898e-01 3.718730769230767230e-02
3.407214285714284946e-02 2.372866666666666735e-01 3.582153846153843940e-02
3.361142857142856988e-02 2.326458333333333295e-01 3.445576923076920650e-02
3.315071428571429724e-02 2.280050000000000132e-01 3.308999999999997360e-02
3.269000000000001765e-02 2.235660714285714334e-01 3.236366666666663783e-02
3.334562500000001067e-02 2.191271428571428537e-01 3.163733333333330899e-02
3.400125000000000369e-02 2.146882142857143017e-01 3.091099999999997322e-02
3.465687499999999671e-02 2.102492857142857219e-01 3.018466666666663745e-02
3.531249999999998973e-02 2.058103571428571421e-01 2.945833333333330167e-02
3.596812499999998275e-02 2.013714285714285623e-01 2.873199999999996937e-02
3.662374999999997577e-02 1.969325000000000103e-01 2.800566666666663707e-02
3.727937499999996879e-02 1.924935714285714305e-01 2.727933333333330129e-02
3.793499999999996181e-02 1.880546428571428508e-01 2.655299999999996552e-02
4.172799999999996651e-02 1.836157142857142710e-01 2.582666666666663322e-02
4.552099999999997121e-02 1.791767857142856912e-01 2.510033333333330091e-02
4.931399999999998285e-02 1.747378571428571392e-01 2.437399999999996514e-02
5.310699999999998755e-02 1.702989285714285594e-01 2.364766666666662936e-02
5.689999999999999225e-02 1.658599999999999797e-01 2.292133333333329706e-02
6.470222222222221653e-02 1.630563157894736603e-01 2.219499999999996476e-02
7.250444444444444081e-02 1.602526315789473410e-01 2.194523809523806282e-02
8.030666666666666509e-02 1.574489473684210217e-01 2.169547619047616088e-02
8.810888888888890325e-02 1.546452631578947023e-01 2.144571428571425895e-02
9.591111111111112753e-02 1.518415789473683830e-01 2.119595238095235701e-02
1.037133333333333518e-01 1.490378947368420914e-01 2.094619047619045507e-02
1.115155555555555900e-01 1.462342105263157721e-01 2.069642857142855313e-02
1.193177777777778004e-01 1.434305263157894528e-01 2.044666666666665120e-02
1.271200000000000385e-01 1.406268421052631334e-01 2.019690476190474926e-02
1.414050000000000307e-01 1.378231578947368141e-01 1.994714285714284732e-02
1.556900000000000228e-01 1.350194736842104948e-01 1.969738095238094538e-02
1.699750000000000427e-01 1.322157894736841754e-01 1.944761904761903998e-02
1.842600000000000349e-01 1.294121052631578839e-01 1.919785714285713804e-02
1.985450000000000270e-01 1.266084210526315368e-01 1.894809523809523610e-02
2.065360000000000251e-01 1.238047368421052313e-01 1.869833333333333417e-02
2.145270000000000232e-01 1.210010526315789120e-01 1.844857142857143223e-02
2.225179999999999936e-01 1.181973684210526065e-01 1.819880952380953029e-02
2.305089999999999917e-01 1.153936842105262872e-01 1.794904761904762835e-02
2.384999999999999898e-01 1.125899999999999679e-01 1.769928571428572642e-02
2.423049999999999926e-01 1.091599999999999654e-01 1.744952380952382448e-02
2.461099999999999954e-01 1.057299999999999629e-01 1.719976190476192254e-02
2.499149999999999983e-01 1.022999999999999743e-01 1.695000000000002061e-02
2.537200000000000011e-01 9.886999999999997180e-02 1.664725000000001967e-02
2.575250000000000039e-01 9.543999999999996930e-02 1.634450000000001874e-02
2.613300000000000067e-01 9.200999999999996681e-02 1.604175000000001780e-02
2.651350000000000096e-01 8.857999999999996432e-02 1.573900000000001687e-02
2.656189999999999940e-01 8.514999999999997571e-02 1.543625000000001767e-02
2.661030000000000340e-01 8.171999999999997322e-02 1.513350000000001847e-02
2.665870000000000184e-01 7.828999999999997073e-02 1.483075000000001753e-02
2.670710000000000583e-01 7.485999999999996823e-02 1.452800000000001659e-02
2.675550000000000428e-01 7.142999999999996574e-02 1.422525000000001566e-02
2.639228571428571812e-01 6.799999999999997713e-02 1.392250000000001472e-02
2.602907142857143197e-01 6.456999999999997464e-02 1.361975000000001552e-02
2.566585714285714581e-01 6.210388888888886821e-02 1.331700000000001459e-02
2.530264285714285966e-01 5.963777777777776179e-02 1.301425000000001365e-02
2.493942857142857072e-01 5.717166666666665537e-02 1.271150000000001445e-02
2.457621428571428457e-01 5.470555555555554894e-02 1.240875000000001352e-02
2.421299999999999564e-01 5.223944444444443558e-02 1.210600000000001258e-02
2.396601999999999622e-01 4.977333333333333609e-02 1.180325000000001165e-02
2.371903999999999679e-01 4.730722222222222273e-02 1.150050000000001071e-02
2.347205999999999460e-01 4.484111111111111631e-02 1.119775000000001151e-02
2.322507999999999517e-01 4.237500000000000988e-02 1.089500000000001058e-02
2.297809999999999575e-01 4.129875000000000906e-02 1.083131578947369410e-02
2.273111999999999633e-01 4.022250000000000825e-02 1.076763157894737588e-02
2.248413999999999691e-01 3.914625000000000743e-02 1.070394736842105940e-02
2.223715999999999471e-01 3.807000000000000661e-02 1.064026315789474292e-02
2.199017999999999529e-01 3.699375000000000580e-02 1.057657894736842644e-02
2.174319999999999586e-01 3.591750000000000498e-02 1.051289473684210822e-02
2.149621999999999644e-01 3.484125000000000416e-02 1.044921052631579174e-02
2.124923999999999702e-01 3.376500000000000334e-02 1.038552631578947526e-02
2.100225999999999482e-01 3.268875000000000253e-02 1.032184210526315704e-02
2.075527999999999818e-01 3.161250000000000171e-02 1.025815789473684056e-02
2.050829999999999598e-01 3.053625000000000089e-02 1.019447368421052408e-02
2.026131999999999656e-01 2.945999999999999661e-02 1.013078947368420760e-02
2.001433999999999713e-01 2.902749999999999428e-02 1.006710526315788938e-02
1.976735999999999494e-01 2.859499999999999542e-02 1.000342105263157290e-02
1.952037999999999829e-01 2.816249999999999309e-02 9.939736842105256417e-03
1.927339999999999609e-01 2.772999999999999424e-02 9.876052631578939936e-03
1.902641999999999667e-01 2.729749999999999191e-02 9.812368421052621720e-03
1.877943999999999725e-01 2.686499999999999305e-02 9.748684210526305238e-03
1.853245999999999782e-01 2.643249999999999073e-02 9.684999999999988757e-03
1.828547999999999840e-01 2.599999999999999187e-02 9.831818181818170743e-03
1.803849999999999620e-01 2.556749999999998954e-02 9.978636363636350995e-03
1.786904999999999744e-01 2.513499999999999068e-02 1.012545454545453298e-02
1.769959999999999867e-01 2.470249999999998836e-02 1.027227272727271497e-02
1.753014999999999712e-01 2.426999999999998603e-02 1.041909090909089522e-02
1.736069999999999836e-01 2.383749999999998717e-02 1.056590909090907721e-02
1.719124999999999959e-01 2.340499999999998831e-02 1.071272727272725919e-02
1.702180000000000082e-01 2.338117647058822815e-02 1.085954545454544118e-02
1.685234999999999927e-01 2.335735294117646452e-02 1.100636363636362143e-02
1.668290000000000051e-01 2.333352941176470435e-02 1.115318181818180342e-02
1.651345000000000174e-01 2.330970588235294419e-02 1.129999999999998540e-02
1.634400000000000297e-01 2.328588235294118056e-02 1.144681818181816566e-02
1.625316666666666854e-01 2.326205882352942039e-02 1.159363636363634764e-02
1.616233333333333688e-01 2.323823529411765676e-02 1.174045454545452963e-02
1.607150000000000245e-01 2.321441176470589660e-02 1.188727272727271161e-02
1.598066666666667079e-01 2.319058823529413643e-02 1.203409090909089187e-02
1.588983333333333636e-01 2.316676470588237280e-02 1.218090909090907385e-02
1.579900000000000193e-01 2.314294117647061264e-02 1.232772727272725410e-02
1.570816666666667027e-01 2.311911764705885247e-02 1.247454545454543609e-02
1.561733333333333584e-01 2.309529411764708884e-02 1.262136363636361808e-02
1.552650000000000419e-01 2.307147058823532867e-02 1.276818181818180006e-02
1.543566666666666976e-01 2.304764705882356851e-02 1.291499999999998205e-02
1.534483333333333532e-01 2.302382352941180488e-02 1.306181818181816230e-02
1.525400000000000367e-01 2.300000000000004124e-02 1.320863636363634429e-02
1.517019230769231231e-01 2.322718750000003773e-02 1.335545454545452454e-02
1.508638461538461817e-01 2.345437500000003769e-02 1.350227272727270653e-02
1.500257692307692681e-01 2.368156250000003418e-02 1.364909090909088851e-02
1.491876923076923545e-01 2.390875000000003414e-02 1.379590909090907050e-02
1.483496153846154131e-01 2.413593750000003063e-02 1.394272727272725075e-02
1.475115384615384995e-01 2.436312500000002712e-02 1.408954545454543274e-02
1.466734615384615581e-01 2.459031250000002708e-02 1.423636363636361472e-02
1.458353846153846445e-01 2.481750000000002357e-02 1.438318181818179498e-02
1.449973076923077309e-01 2.504468750000002353e-02 1.452999999999997696e-02
1.441592307692307895e-01 2.527187500000002002e-02 1.456666666666664445e-02
1.433211538461538759e-01 2.549906250000001651e-02 1.460333333333331193e-02
1.424830769230769623e-01 2.572625000000001647e-02 1.463999999999997942e-02
1.416450000000000209e-01 2.595343750000001296e-02 1.467666666666664690e-02
1.400310000000000166e-01 2.618062500000001291e-02 1.471333333333331439e-02
1.384170000000000122e-01 2.640781250000000940e-02 1.474999999999998188e-02
1.368030000000000079e-01 2.663500000000000936e-02 1.478666666666664763e-02
1.351890000000000036e-01 2.703851851851852769e-02 1.482333333333331511e-02
1.335749999999999993e-01 2.744203703703704603e-02 1.485999999999998260e-02
1.319609999999999950e-01 2.784555555555556783e-02 1.489666666666665008e-02
1.303469999999999906e-01 2.824907407407408616e-02 1.493333333333331757e-02
1.287329999999999863e-01 2.865259259259260449e-02 1.496999999999998505e-02
1.271189999999999820e-01 2.905611111111112282e-02 1.500666666666665254e-02
1.255049999999999777e-01 2.945962962962964116e-02 1.504333333333332003e-02
1.238909999999999734e-01 2.986314814814815949e-02 1.507999999999998751e-02
1.222769999999999690e-01 3.026666666666668129e-02 1.511666666666665500e-02
1.206629999999999647e-01 3.067018518518519962e-02 1.515333333333332248e-02
1.190489999999999604e-01 3.107370370370371795e-02 1.518999999999998823e-02
1.174349999999999561e-01 3.147722222222223976e-02 1.522666666666665572e-02
1.160731249999999715e-01 3.188074074074075809e-02 1.526333333333332321e-02
1.147112499999999730e-01 3.228425925925927642e-02 1.529999999999999069e-02
1.133493749999999883e-01 3.268777777777779475e-02 1.533666666666665818e-02
1.119874999999999898e-01 3.309129629629631308e-02 1.537333333333332566e-02
1.106256250000000052e-01 3.349481481481483142e-02 1.540999999999999315e-02
1.092637500000000206e-01 3.389833333333334975e-02 1.544666666666666063e-02
1.079018750000000221e-01 3.430185185185186808e-02 1.548333333333332812e-02
1.065400000000000375e-01 3.470537037037038641e-02 1.551999999999999560e-02
1.059341666666666903e-01 3.510888888888890474e-02 1.555666666666666309e-02
1.053283333333333571e-01 3.551240740740742308e-02 1.559333333333333058e-02
1.047225000000000100e-01 3.591592592592594835e-02 1.562999999999999806e-02
1.041166666666666629e-01 3.631944444444445974e-02 1.566666666666666555e-02
1.035108333333333297e-01 3.672296296296298501e-02 1.570333333333333303e-02
0.000000000000000000e+00 3.712648148148150334e-02 0.000000000000000000e+00
0.000000000000000000e+00 0.000000000000000000e+00 0.000000000000000000e+00
0.000000000000000000e+00 0.000000000000000000e+00 0.000000000000000000e+00
0.000000000000000000e+00 0.000000000000000000e+00 0.000000000000000000e+00
0.000000000000000000e+00 0.000000000000000000e+00 0.000000000000000000e+00
0.000000000000000000e+00 0.000000000000000000e+00 0.000000000000000000e+00
0.000000000000000000e+00 0.000000000000000000e+00 0.000000000000000000e+00
0.000000000000000000e+00 0.000000000000000000e+00 0.000000000000000000e+00
0.000000000000000000e+00 0.000000000000000000e+00 0.000000000000000000e+00
0.000000000000000000e+00 0.000000000000000000e+00 0.000000000000000000e+00
0.000000000000000000e+00 0.000000000000000000e+00 0.000000000000000000e+00
0.000000000000000000e+00 0.000000000000000000e+00 0.000000000000000000e+00
0.000000000000000000e+00 0.000000000000000000e+00 0.000000000000000000e+00
0.000000000000000000e+00 0.000000000000000000e+00 0.000000000000000000e+00
0.000000000000000000e+00 0.000000000000000000e+00 0.000000000000000000e+00
0.000000000000000000e+00 0.000000000000000000e+00 0.000000000000000000e+00
0.000000000000000000e+00 0.000000000000000000e+00 0.000000000000000000e+00
0.000000000000000000e+00 0.000000000000000000e+00 0.000000000000000000e+00
0.000000000000000000e+00 0.000000000000000000e+00 0.000000000000000000e+00
0.000000000000000000e+00 0.000000000000000000e+00 0.000000000000000000e+00
0.000000000000000000e+00 0.000000000000000000e+00 0.000000000000000000e+00
0.000000000000000000e+00 0.000000000000000000e+00 0.000000000000000000e+00
0.000000000000000000e+00 0.000000000000000000e+00 0.000000000000000000e+00
0.000000000000000000e+00 0.000000000000000000e+00 0.000000000000000000e+00
0.000000000000000000e+00 0.000000000000000000e+00 0.000000000000000000e+00
0.000000000000000000e+00 0.000000000000000000e+00 0.000000000000000000e+00
0.000000000000000000e+00 0.000000000000000000e+00 0.000000000000000000e+00
0.000000000000000000e+00 0.000000000000000000e+00 0.000000000000000000e+00
0.000000000000000000e+00 0.000000000000000000e+00 0.000000000000000000e+00
0.000000000000000000e+00 0.000000000000000000e+00 0.000000000000000000e+00
0.000000000000000000e+00 0.000000000000000000e+00 0.000000000000000000e+00
0.000000000000000000e+00 0.000000000000000000e+00 0.000000000000000000e+00
0.000000000000000000e+00 0.000000000000000000e+00 0.000000000000000000e+00
0.000000000000000000e+00 0.000000000000000000e+00 0.000000000000000000e+00
0.000000000000000000e+00 0.000000000000000000e+00 0.000000000000000000e+00
0.000000000000000000e+00 0.000000000000000000e+00 0.000000000000000000e+00
0.000000000000000000e+00 0.000000000000000000e+00 0.000000000000000000e+00
0.000000000000000000e+00 0.000000000000000000e+00 0.000000000000000000e+00
0.000000000000000000e+00 0.000000000000000000e+00 0.000000000000000000e+00
0.000000000000000000e+00 0.000000000000000000e+00 0.000000000000000000e+00
0.000000000000000000e+00 0.000000000000000000e+00 0.000000000000000000e+00
0.000000000000000000e+00 0.000000000000000000e+00 0.000000000000000000e+00
0.000000000000000000e+00 0.000000000000000000e+00 0.000000000000000000e+00
0.000000000000000000e+00 0.000000000000000000e+00 0.000000000000000000e+00
0.000000000000000000e+00 0.000000000000000000e+00 0.000000000000000000e+00
0.000000000000000000e+00 0.000000000000000000e+00 0.000000000000000000e+00
0.000000000000000000e+00 0.000000000000000000e+00 0.000000000000000000e+00
0.000000000000000000e+00 0.000000000000000000e+00 0.000000000000000000e+00
0.000000000000000000e+00 0.000000000000000000e+00 0.000000000000000000e+00
0.000000000000000000e+00 0.000000000000000000e+00 0.000000000000000000e+00
0.000000000000000000e+00 0.000000000000000000e+00 0.000000000000000000e+00
0.000000000000000000e+00 0.000000000000000000e+00 0.000000000000000000e+00
0.000000000000000000e+00 0.000000000000000000e+00 0.000000000000000000e+00
0.000000000000000000e+00 0.000000000000000000e+00 0.000000000000000000e+00
0.000000000000000000e+00 0.000000000000000000e+00 0.000000000000000000e+00
0.000000000000000000e+00 0.000000000000000000e+00 0.000000000000000000e+00
0.000000000000000000e+00 0.000000000000000000e+00 0.000000000000000000e+00
0.000000000000000000e+00 0.000000000000000000e+00 0.000000000000000000e+00
0.000000000000000000e+00 0.000000000000000000e+00 0.000000000000000000e+00
0.000000000000000000e+00 0.000000000000000000e+00 0.000000000000000000e+00
0.000000000000000000e+00 0.000000000000000000e+00 0.000000000000000000e+00
0.000000000000000000e+00 0.000000000000000000e+00 0.000000000000000000e+00
0.000000000000000000e+00 0.000000000000000000e+00 0.000000000000000000e+00
0.000000000000000000e+00 0.000000000000000000e+00 0.000000000000000000e+00
0.000000000000000000e+00 0.000000000000000000e+00 0.000000000000000000e+00
0.000000000000000000e+00 0.000000000000000000e+00 0.000000000000000000e+00
0.000000000000000000e+00 0.000000000000000000e+00 0.000000000000000000e+00
0.000000000000000000e+00 0.000000000000000000e+00 0.000000000000000000e+00
0.000000000000000000e+00 0.000000000000000000e+00 0.000000000000000000e+00
0.000000000000000000e+00 0.000000000000000000e+00 0.000000000000000000e+00
0.000000000000000000e+00 0.000000000000000000e+00 0.000000000000000000e+00
0.000000000000000000e+00 0.000000000000000000e+00 0.000000000000000000e+00
0.000000000000000000e+00 0.000000000000000000e+00 0.000000000000000000e+00
0.000000000000000000e+00 0.000000000000000000e+00 0.000000000000000000e+00
0.000000000000000000e+00 0.000000000000000000e+00 0.000000000000000000e+00
0.000000000000000000e+00 0.000000000000000000e+00 0.000000000000000000e+00
0.000000000000000000e+00 0.000000000000000000e+00 0.000000000000000000e+00
0.000000000000000000e+00 0.000000000000000000e+00 0.000000000000000000e+00
0.000000000000000000e+00 0.000000000000000000e+00 0.000000000000000000e+00
0.000000000000000000e+00 0.000000000000000000e+00 0.000000000000000000e+00
0.000000000000000000e+00 0.000000000000000000e+00 0.000000000000000000e+00
0.000000000000000000e+00 0.000000000000000000e+00 0.000000000000000000e+00
0.000000000000000000e+00 0.000000000000000000e+00 0.000000000000000000e+00
0.000000000000000000e+00 0.000000000000000000e+00 0.000000000000000000e+00
0.000000000000000000e+00 0.000000000000000000e+00 0.000000000000000000e+00
0.000000000000000000e+00 0.000000000000000000e+00 0.000000000000000000e+00
0.000000000000000000e+00 0.000000000000000000e+00 0.000000000000000000e+00
0.000000000000000000e+00 0.000000000000000000e+00 0.000000000000000000e+00
0.000000000000000000e+00 0.000000000000000000e+00 0.000000000000000000e+00
0.000000000000000000e+00 0.000000000000000000e+00 0.000000000000000000e+00
0.000000000000000000e+00 0.000000000000000000e+00 0.000000000000000000e+00
0.000000000000000000e+00 0.000000000000000000e+00 0.000000000000000000e+00
0.000000000000000000e+00 0.000000000000000000e+00 0.000000000000000000e+00
0.000000000000000000e+00 0.000000000000000000e+00 0.000000000000000000e+00
0.000000000000000000e+00 0.000000000000000000e+00 0.000000000000000000e+00
0.000000000000000000e+00 0.000000000000000000e+00 0.000000000000000000e+00
0.000000000000000000e+00 0.000000000000000000e+00 0.000000000000000000e+00
0.000000000000000000e+00 0.000000000000000000e+00 0.000000000000000000e+00
0.000000000000000000e+00 0.000000000000000000e+00 0.000000000000000000e+00
0.000000000000000000e+00 0.000000000000000000e+00 0.000000000000000000e+00
0.000000000000000000e+00 0.000000000000000000e+00 0.000000000000000000e+00
0.000000000000000000e+00 0.000000000000000000e+00 0.000000000000000000e+00
